[[ 2.28513288e+00  8.35509021e-03  1.84119936e+01]
 [ 1.55825180e+00  1.79788006e+00  1.03141495e+01]
 [ 2.81740710e-03 -8.68753756e-05  1.00000000e+00]] # makerspace mentors

np.array([[-7.52717829e-01, -5.41937044e-01,  1.80284909e+02],
 [-3.64769537e-01, -5.09755179e+00,  1.63437459e+03],
 [ 8.44335295e-05, -4.62214990e-03,  1.00000000e+00]]) # new floor plan

8 points

source points [[106.23215888 476.67814197]
 [138.15205686 343.67856704]
 [272.48162754 438.10826524]
 [350.95137675 293.13872857]
 [582.37063713 419.48832475]
 [273.81162329 303.77869456]
 [183.37191234 362.29850753]
 [404.15120673 406.18836726]], dest points [[130.19418673 674.94364627]
 [189.49564821 181.47077037]
 [236.08965366 613.52427545]
 [697.79388948  18.3917513 ]
 [608.84169725 761.77792916]
 [454.23431554  18.3917513 ]
 [238.207563   276.77669061]
 [428.81940347 619.87800347]]

homography = np.array([[-1.83275276e+00, -1.52041828e-01,  6.00408440e+01],
 	     	       [-1.02265870e+00, -8.82312556e+00,  2.94339777e+03],
 		       [ 1.66278357e-05, -6.63657266e-03,  1.00000000e+00]])
